22
876
327
309
257
291
533
394
407
748
473
890
560
688
320
960
159
937
496
292
118
582
124
333
747
794
625
847
140
647
878
372
289
766
121
862
592
854
231
777
344
322
893
770
227
572
780
818
447
420
462
429
49
28
912
564
787
819
142
530
269
184
539
425
392
830
616
252
631
641
920
332
298
694
850
182
300
342
783
529
275
205
952
396
753
96
237
614
299
755
740
32
276
531
834
771
866
374
296
254
919
419
657
347
189
775
721
679
108
981
111
75
687
544
120
80
443
743
994
976
488
970
764
317
849
27
943
48
353
31
905
472
405
197
870
359
88
178
135
899
869
603
77
525
71
466
573
439
941
336
490
442
177
986
50
183
29
207
924
629
825
485
742
208
645
889
817
279
482
285
922
484
431
731
927
939
160
788
512
19
426
256
146
81
918
786
410
105
486
845
933
598
608
581
341
423
965
213
708
113
5
568
955
680
942
304
880
935
471
737
668
961
132
498
556
268
381
868
497
397
662
129
157
345
464
176
837
370
565
246
570
328
458
82
714
584
823
190
858
354
500
220
45
602
3
69
290
610
681
228
97
94
760
195
636
143
974
752
627
913
523
634
169
366
840
801
562
445
642
806
846
418
130
985
281
502
848
270
515
739
751
655
170
93
226
166
792
761
337
282
343
350
553
175
174
756
295
971
799
978
651
172
534
384
376
225
408
992
459
424
887
47
430
504
709
465
520
707
816
666
452
454
757
379
975
724
902
74
211
795
25
527
248
449
163
648
554
72
829
853
391
522
1
110
122
76
438
171
46
754
36
762
203
255
247
722
17
506
949
127
316
938
999
956
877
805
969
60
797
785
508
15
23
691
936
579
202
20
917
931
413
964
574
59
112
204
68
856
446
959
78
367
9
664
863
467
665
649
578
759
358
395
622
993
393
926
371
51
929
455
683
611
812
479
677
768
492
637
658
537
673
483
660
83
711
781
883
386
181
983
867
264
39
773
161
580
873
103
346
251
368
44
864
460
90
33
297
453
550
698
351
697
478
147
315
461
310
898
173
692
162
596
809
566
451
791
778
422
54
542
133
53
503
139
57
398
923
774
476
702
569
222
561
232
40
885
962
894
815
779
266
14
701
495
693
521
745
995
180
312
468
325
421
669
153
273
988
64
364
734
457
532
563
639
41
907
201
253
735
109
700
741
996
549
487
728
767
900
30
911
417
901
43
729
659
239
672
513
545
576
469
8
4
335
879
538
360
682
432
633
732
305
593
726
244
989
348
499
236
156
319
314
414
990
311
973
944
66
356
10
940
921
674
628
595
318
567
632
481
249
26
559
782
262
832
772
303
551
638
145
630
950
945
957
517
136
293
528
84
839
891
128
199
125
362
115
833
35
390
37
932
541
824
101
590
967
725
604
188
505
404
450
991
746
807
730
329
749
116
519
491
776
259
930
294
727
433
620
271
307
435
892
841
842
86
540
85
804
744
872
55
151
223
828
400
387
684
99
972
6
571
583
547
712
769
750
168
456
661
352
600
200
363
355
946
909
283
710
875
715
235
16
843
826
977
233
526
229
134
656
605
594
186
306
215
349
106
982
440
167
373
838
191
654
104
263
361
704
552
903
882
340
597
475
308
844
511
514
690
217
280
925
212
377
793
881
623
470
888
416
733
860
718
908
98
904
73
543
477
884
389
401
624
117
13
63
58
375
149
444
2
42
436
831
599
509
968
706
448
953
331
164
210
987
979
187
221
948
738
402
897
963
501
910
89
998
357
102
261
219
427
321
798
70
65
330
378
388
323
615
555
91
765
243
895
954
966
218
546
835
288
480
689
12
196
324
758
640
896
678
591
214
886
997
286
230
474
587
338
185
137
652
813
62
302
670
667
158
822
114
242
947
274
653
339
198
695
626
851
934
613
784
518
411
382
493
107
663
437
144
92
87
716
38
260
123
385
265
119
686
516
52
193
380
821
165
415
719
131
399
154
489
284
278
365
510
928
240
696
548
267
406
313
857
811
250
588
820
617
601
428
138
577
536
155
24
11
874
675
671
703
789
619
699
441
67
790
814
621
808
194
272
524
434
241
723
914
803
463
258
650
618
79
224
507
855
61
409
865
609
836
589
535
643
736
179
951
558
810
685
612
412
607
383
209
18
802
705
575
148
984
585
796
906
915
916
126
326
586
7
763
606
245
861
800
871
234
852
238
150
100
557
713
403
644
192
216
141
206
980
720
56
277
301
95
494
827
646
717
334
287
369
958
859
21
152
0
635
676
34
